Normal sorting scheme:

+--------------------------------------------------------------------------------------------+
|   Reset Interval  |   Reset Count   |   num_worlds * num_steps / duration   |   duration   |
+-------------------+-----------------+---------------------------------------+--------------+
|   240             |   16384         |   480288                              |   69         |
|   1               |   16384         |   228684                              |   146        |
|   25              |   20            |   379955                              |   88         |
|   50              |   40            |   381936                              |   87         |
|   100             |   80            |   381519                              |   87         |
|   200             |   160           |   381867                              |   87         |
|   400             |   320           |   380127                              |   88         |
|   40              |   100           |   380281                              |   88         |
|   40              |   200           |   382557                              |   87         |
|   40              |   400           |   389265                              |   86         |
|   40              |   1600          |   429233                              |   78         |
|   40              |   16384         |   512714                              |   65         |
|   20              |   16384         |   500688                              |   67         |
|   30              |   16384         |   503565                              |   66         |
|   35              |   16384         |   504630                              |   66         |
|   37              |   16384         |   505397                              |   66         |
|   39              |   16384         |   502374                              |   66         |
|   50              |   16384         |   506871                              |   66         |
|   45              |   16384         |   506871                              |   66         |

BVH rebuild

+--------------------------------------------------------------------------------------------+
|   BVHRb Interval  |   Reset Count   |   num_worlds * num_steps / duration   |   duration   |
+-------------------+-----------------+---------------------------------------+--------------+
|   1               |   16384         |   466222                              |   71         |
|   40              |   16384         |   484150                              |   69         |
|   50              |   16384         |   480819                              |   69         |
|   30              |   16384         |   481410                              |   69         |
|   10              |   16384         |   485012                              |   69         |
|   3               |   16384         |   477708                              |   70         |
|   80              |   16384         |   479378                              |   69         |
|   1 (40)          |   16384         |   491131                              |   68         |
|   40(40)          |   16384         |   513860                              |   65         |

